@Kopernicus:AFTER[Kopernicus]
{
	Body
	{
		name = Jubilee
		cacheFile = DL/Cache/Jubilee.bin
		Template
		{
			name = Sun
		}
		Properties
		{
			description = Incredibly bright little dot.
			rotationPeriod = 600
			radius = 857230
			mass = 1.074e+28
			displayName = Jubilee^N
			ScienceValues
			{
				inSpaceLowDataValue = 48
				inSpaceHighDataValue = 0.6
			}
		}
        	Orbit
		{
    			iconTexture = DL/Misc/Star_Icon.png
			referenceBody = JubileeAmphoe
			color = 0.9355,0.953,1,1
			inclination = 5
			eccentricity = 0.0826
			semiMajorAxis = 69197513428
			longitudeOfAscendingNode = 6				
			argumentOfPeriapsis = 20
			meanAnomalyAtEpochD = 8
			epoch = 0
			period = 100449379.229001
		}
		ScaledVersion
    {
		Material
{
				emitColor0 = 0.8255,0.883,1,1
				emitColor1 = 0.934,0.934,1,1
				sunspotTexScale = 1,1
				sunspotTexOffset = 0,0
				rimColor = 1,1,1,1,1
				rimPower = -0.5
				rimBlend = 0.6
				sunspotPower = 0.65
				sunspotColor = 0.6,0.6,0.7,1
				sunspotTex = DL/Jubilee/0-Jubilee/Sunspots.png
			}
			Light
			{
				sunFlare = DL/Misc/CapsFlare.unity3d:CapsFlare
	sunlightColor = 0.92,0.95,1,1
	scaledSunlightColor = 0.92,0.95,1,1
				IntensityCurve
				{
key =	1591362.05	15.84893192
key =	3182724.099	12.01124434
key =	6365448.199	9.102821015
key =	12730896.4	6.898648307
key =	25461792.8	5.228197763
key =	50923585.59	3.962232981
key =	101847171.2	3.002811085
key =	203694342.4	2.275705254
key =	407388684.7	1.724662077
key =	814777369.4	1.307049441
key =	1591362050	1
key =	3182724099	0.757858283
key =	6365448199	0.558465538
key =	12730896398	0.389436422
key =	25461792795	0.243904409
key =	50923585590	0.107189954
key =	1.01847E+11	0.05
key =	1.30364E+13	0.01
key =	2.70364E+13	0
				}
				ScaledIntensityCurve
				{
key =	265.2270083	15.84893192
key =	530.4540166	12.01124434
key =	1060.908033	9.102821015
key =	2121.816066	6.898648307
key =	4243.632133	5.228197763
key =	8487.264265	3.962232981
key =	16974.52853	3.002811085
key =	33949.05706	2.275705254
key =	67898.11412	1.724662077
key =	135796.2282	1.307049441
key =	265227.0083	1
key =	530454.0166	0.757858283
key =	1060908.033	0.558465538
key =	2121816.066	0.389436422
key =	4243632.133	0.243904409
key =	8487264.265	0.107189954
key =	16974528.53	0.05
key =	2172739652	0.01
key =	4472739652	0

				}
				IVAIntensityCurve 
				{
key =	1591362.05	15.84893192
key =	3182724.099	12.01124434
key =	6365448.199	9.102821015
key =	12730896.4	6.898648307
key =	25461792.8	5.228197763
key =	50923585.59	3.962232981
key =	101847171.2	3.002811085
key =	203694342.4	2.275705254
key =	407388684.7	1.724662077
key =	814777369.4	1.307049441
key =	1591362050	1
key =	3182724099	0.757858283
key =	6365448199	0.558465538
key =	12730896398	0.389436422
key =	25461792795	0.243904409
key =	50923585590	0.107189954
key =	1.01847E+11	0
key =	2.03694E+11	0
key =	4.07389E+11	0
key =	8.14777E+11	0
key =	1.62955E+12	0
key =	3.25911E+12	0
key =	6.51822E+12	0
key =	1.30364E+13	0
				}
sunLensFlareColor = 0.92,0.95,1,1
sunAU = 857230
luminosity = 22.5919815
				brightnessCurve
				{
					key = 0 0.0052 0 0
					key = 0.001 0.25 0 0
					key = 0.01 0.75 0 0
					key = 0.1 1 0 0
					key = 10 10 0 0
					key = 50 25 0 0
					key = 100 75 0 0
					key = 200 175 0 0
					key = 500 200 0 0
				}
			}
			Coronas
			{
				Value
				{
					scaleSpeed = 0.8
					scaleLimitY = 5
					scaleLimitX = 5
					updateInterval = 5
					speed = 9
					rotation = 3
					Material
					{
						texture = DL/Jubilee/0-Jubilee/Jubilee_Corona.png
						invFade = 2.5
					}
				}
			}
		}
	}
}
